function ant_pos_m = MeerKAT64_positions();
% MeerKAT receptor positions
% Taken fro fro katconfig on 22 April 2020
% 
% Array phase centre
% The phase centre of the array is located at
% Latitude
% Longitude
% Altitude
% The position of the phase centre is known to ±1 
% 
% Receptor locations
% The receptor positions are stored in etres relative to the array phase centre.
% The cartesian plane is oriented to true North and tangent to the ellipsoid at the centre
% The receptor reference position on the aziuth axis, at the sae height as the elevation axis.
% The relative position of the antennas is known to ±50 
% 
% Antenna	East	North	Up
ant_pos_m = [
000	-8.264	-207.290	8.597
001	1.121	-171.762	8.471
002	-32.113	-224.236	8.645
003	-66.518	-202.276	8.285
004	-123.624	-252.946	8.513
005	-102.088	-283.120	8.875
006	-18.232	-295.428	9.188
007	-89.592	-402.732	9.769
008	-93.527	-535.026	10.445
009	32.357	-371.056	10.140
010	88.095	-511.872	11.186
011	84.012	-352.078	10.151
012	140.019	-368.267	10.449
013	236.792	-393.460	11.124
014	280.669	-285.792	10.547
015	210.644	-219.142	9.738
016	288.159	-185.873	9.795
017	199.624	-112.263	8.955
018	105.727	-245.870	9.529
019	170.787	-285.223	10.071
020	97.016	-299.638	9.877
021	-295.966	-327.241	8.117
022	-373.002	0.544	5.649
023	-322.306	-142.185	6.825
024	-351.046	150.088	4.845
025	-181.978	225.617	5.068
026	-99.004	17.045	6.811
027	40.475	-23.112	7.694
028	-51.179	-87.170	7.636
029	-88.762	-124.111	7.700
030	171.281	113.949	7.278
031	246.567	93.756	7.469
032	461.275	175.505	7.367
033	580.678	863.959	3.600
034	357.811	-28.308	8.972
035	386.152	-180.894	10.290
036	388.257	-290.759	10.812
037	380.286	-459.309	12.172
038	213.308	-569.080	11.946
039	253.748	-592.147	12.441
040	-26.858	-712.219	11.833
041	-287.545	-661.678	9.949
042	-361.714	-460.318	8.497
043	-629.853	-128.326	5.264
044	-896.164	600.497	-0.640
045	-1832.860	266.750	0.108
046	-1467.341	1751.923	-7.078
047	-578.296	-517.297	7.615
048	-2805.653	2686.863	-9.755
049	-3605.957	436.462	2.696
050	-2052.336	-843.715	5.338
051	-850.255	-769.359	7.614
052	-593.192	-1148.652	10.550
053	9.365	-1304.462	15.032
054	871.980	-499.812	13.364
055	1201.780	96.492	10.023
056	1598.403	466.668	6.990
057	294.645	3259.915	-10.637
058	2805.764	2686.873	-3.660
059	3686.427	758.895	11.822
060	3419.683	-1840.478	23.697
061	-16.409	-2323.779	21.304
062	-1440.632	-2503.773	21.683
063	-3419.585	-1840.480	16.383
];

ant_pos_m = ant_pos_m(:,2:4);


